DECIMAL
H- OR V-COUNT OUTPUTS EQUIVILENT

 

 

 

 

 

 

2561286432168421 }
0 0 0 0 00000 0‘- HANDVBLANKINGBEGIN
00001 1
00010 2
00011 3
00100 4"“‘r—0 VSYNCBEGINS
00101 5 E
00110 6 ‘0
>
001“ 7+—J—v SYNC ENDS
01000 8 £25
01001 9 52
01010 10 E
01011 11 0:1
01100 12 >
01101 13
01110 14
01111 15
10000 16 VBLANKINGENDS
10001 17
10010 18
10011 19
10100 20
10101 21
10110 22
10111 23
11000 24
11001 25
11010 26
11011 27
11100 28
11101 29
1111111111110 30
0 0 0 0 11111 31
¢-——H SYNC BEGINS
0 0 01 00000 32
00001 33
00010 34
00011 35 0
00100 36 E
00101 37 if;
00110 38
00111 39
v 01000 40
0 0 01 01001 41

508

 

