2561286432168421
0 01

0

 

 

0d

 

 

04*

 

 

 

 

V
1 0

01010
01011
01100
01101
01110
01111
10000
10001
10010
10011
10100
10101
10110
10111
11000
11001
11010
11011
11100
11101
11110
11111

00000
00001
00010
00011
00100
00101
00110
00111
01000
01001
01010
01011
01100
01101
01110
01111
10000
10001
10010
10011
10100

42 ‘—— H SYNC

43
44
45
46
47
48
49
50
51
52
53
54
55
56

64
65
66
67
68
69
70
71
72
73
74
75
76
77
78
79
80
81
82
83
84

H BLANKING

H SYNC ENDS

(CONT'D)

H BLANKING ENDS

509

 

