2561286432168421

 

 

 

 

1 0 0 0 00000 256
00001 257
00010 258
00011 259
00100 260
0 0 1 0 1 251 ‘_v BLANKING BEGINS
00110 262
00111 263
01000 264
01001 265
01010 266+—-H CENTER
01011 267
01100 268
01101 259
01110 270
01111 271
10000 272
10001 273
10010 274
10011 275
10100 276
10101 277
10110 278
10111 279
11000 280
11001 281
11010 282
11011 283
11100 284
11101 285
y y y ' 11110 286
1 0 0 0 11111 287
1 o 01 00000 288
00001 289
00010 290
00011 291
00100 292
00101 293
00110 294
00111 295
01000 296
01001 297
01010 298
1 0 01 01011 299

514

 

