2561286432168421

0

 

0*

O‘—-——-—-—-———-——-————-O
O‘—-———————-———————————L
.4..._———-——-—————~—-O

10 0 00000

 

“‘

 

OF

04

 

.4

00001
00010
00011
00100
00101
00110
00111
01000
01001
01010
01011
01100
01101
01110
01111
10000
10001
10010
10011
10100
10101
10110
10111
11000
11001
11010
11011
11100

’11101

11110
01111

00000
00001
00010
00011
00100
00101
00110
00111
01000
01001
01010

128
129
130
131
132
133
134
135
136
137
138 +———v CENTER
139
140
141
142
143
144
145
146
147
143
149
150
151
152
153
154
155
156
157
159
159

160
161
162
163
164
165
166
167
168
169
170

511

 

