512

0

 

0‘47

 

0‘

2561286432168421

010 01011

 

‘
w

 

V
1

 

 

 

 

V
1 0

01100
01101
01110
01111
10000
10001
10010
10011
10100
10101
10110
10111
11000
11001
11010
11011
11100
11101
11110
11111

00000
00001
00010
00011
00100
00101
00110
00111
01000
01001
01010
01011
01100
01101
01110
01111
10000
10001
10010
10011
10100
10101

171
172
173
174
175
176
177
178
179
180
181
182
183
184
185
186
187
188
189
190
191

1 92
193
1 94
1 95
1 96
1 97
1 98
1 99
200
201
202
203
204
205
206
207
208
209
210
21 1
212
213

 

 

